111 112 113 114 0
-111 -112 0
-111 -113 0
-111 -114 0
-112 -113 0
-112 -114 0
-113 -114 0
121 122 123 124 0
-121 -122 0
-121 -123 0
-121 -124 0
-122 -123 0
-122 -124 0
-123 -124 0
131 132 133 134 0
-131 -132 0
-131 -133 0
-131 -134 0
-132 -133 0
-132 -134 0
-133 -134 0
-133 -135 0
141 142 143 144 0
-141 -142 0
-141 -143 0
-141 -144 0
-142 -143 0
-142 -144 0
-143 -144 0
-143 -145 0
211 212 213 214 0
-211 -212 0
-211 -213 0
-211 -214 0
-212 -213 0
-212 -214 0
-213 -214 0
221 222 223 224 0
-221 -222 0
-221 -223 0
-221 -224 0
-222 -223 0
-222 -224 0
-223 -224 0
231 232 233 234 0
-231 -232 0
-231 -233 0
-231 -234 0
-232 -233 0
-232 -234 0
-233 -234 0
241 242 243 244 0
-241 -242 0
-241 -243 0
-241 -244 0
-242 -243 0
-242 -244 0
-243 -244 0
311 312 313 314 0
-311 -312 0
-311 -313 0
-311 -314 0
-312 -313 0
-312 -314 0
-313 -314 0
321 322 323 324 0
-321 -322 0
-321 -323 0
-321 -324 0
-322 -323 0
-322 -324 0
-323 -324 0
331 332 333 334 0
-331 -332 0
-331 -333 0
-331 -334 0
-332 -333 0
-332 -334 0
-333 -334 0
341 342 343 344 0
-341 -342 0
-341 -343 0
-341 -344 0
-342 -343 0
-342 -344 0
-343 -344 0
411 412 413 414 0
-411 -412 0
-411 -413 0
-411 -414 0
-412 -413 0
-412 -414 0
-413 -414 0
421 422 423 424 0
-421 -422 0
-421 -423 0
-421 -424 0
-422 -423 0
-422 -424 0
-423 -424 0
431 432 433 434 0
-431 -432 0
-431 -433 0
-431 -434 0
-432 -433 0
-432 -434 0
-433 -434 0
441 442 443 444 0
-441 -442 0
-441 -443 0
-441 -444 0
-442 -443 0
-442 -444 0
-443 -444 0